181
306
400
576
1463
1744
2069
2685
3188
3622
3647
4245
4934
5284
6060
6078
8677
8743
8768
9041
9605
11702
11860
11952
11987
12000
12065
12091
12674
12967
14045
16389
17519
18251
19810
19825
19837
20151
20652
20995
22686
22755
22952
22989
23412
23505
23810
23889
24579
25568
26566
28636
28901
28978
29279
30863
32055
36153
36215
38367
40263
40715
41173
41638
41871
43179
43274
43432
43754
43969
44430
44692
45439
46172
47899
47946
48283
49971
51125
51700
51754
52994
53420
53944
54168
55174
55842
56200
57249
57290
57373
57423
57460
57479
57491
57553
57615
57640
57660
57670
57771
57794
57811
57963
58035
58077
58577
58758
59474
60029
60036
60093
60229
60452
60535
60543
60805
60966
60970
61074
61147
61237
61284
61334
61430
61543
61666
61926
61933
61991
62147
62492
62493
62496
62543
62631
62644
62662
62766
62882
62902
63043
63219
63284
63505
63938
64217
64289
64349
64662
65121
65445
65464
65728
66107
66430
66551
66665
66795
66939
68260
68362
68613
68625
69103
69379
69420
69643
70153
70366
70997
71001
71032
71055
71147
71629
72291
72513
72524
72526
72598
72674
72794
73470
74266
74816
75167
75210
75467
75876
75882
76334
76354
76655
76694
76703
76751
76833
77084
77125
77274
77345
77541
77748
77802
77913
77976
78111
78201
78308
78589
78713
78769
79006
80315
80529
82238
82543
83619
84040
84682
84812
84887
84916
85565
85576
85671
85918
86053
86159
86168
86264
86697
86930
87171
87264
87458
87493
87552
87725
88189
88193
88274
88310
88338
88346
88399
88657
88960
89670
89931
89953
90042
90214
90415
90853
91266
91309
91423
91562
91826
92391
92434
92624
92634
92721
92733
92759
92764
92771
92877
92942
92945
92985
93014
93117
93153
93536
93664
93709
94538
95188
95224
95255
95258
95290
95307
95385
95388
95411
95451
95452
95583
95726
95870
95946
96134
96235
96493
96731
96818
96916
97002
97066
97485
97519
97650
97739
98009
98269
98337
98394
98399
98459
98545
98637
98661
98947
98955
98977
99262
99314
99369
99547
99599
99623
99634
99911
101006
101023
101055
101163
101186
101276
101801
102311
102367
102511
103365
103637
103647
103711
103838
103859
103873
103982
104235
104282
104553
104904
105014
105266
105694
106005
106277
106332
106609
107217
107481
107491
107660
107688
107708
107795
107871
107952
107958
108125
108765
108859
109006
109229
109263
109382
109523
109541
109557
109567
109789
110052
110072
110092
110401
111486
111956
111964
112054
112647
112824
112942
113088
113393
113743
113884
113888
113969
114001
114347
114596
114643
115360
115384
115569
115980
116111
116162
116350
116571
116774
116842
117190
117407
117516
118056
118122
118469
118851
119775
120301
120404
120450
120588
120994
121032
121392
121564
121668
121838
122020
122286
122558
122742
122790
123325
123419
123638
123692
123702
123849
124040
124469
124524
124573
126462
126488
128529
128677
128708
130973
132596
133544
133601
134068
134183
134382
135645
137727
138076
138351
143548
144191
147425
151830
151854
156343
157054
157707
159622
159840
160518
160802
162005
162202
162864
163222
163908
164075
164373
164451
166144
167404
168567
169258
169507
171428
171613
172234
172303
172464
172724
172767
173007
173014
173118
173169
173208
173381
173385
173444
173547
173646
174288
174979
175176
176679
179327
179374
179382
180385
180639
181162
181282
181662
182533
183099
183246
183340
186111
186304
187912
188288
189081
189147
190151
191311
191337
192031
192778
192990
193368
193635
193676
193703
194220
194419
195784
195993
197083
197216
197283
197688
198151
200509
203359
203690
205002
209152
209169
210184
211098
212648
213775
213820
214075
214085
214228
214501
214656
214826
215284
215586
215850
216932
216936
217098
217160
218630
218992
219842
219928
220210
220521
221454
222116
222651
223839
227030
229671
229716
231270
232834
233581
233648
233905
234606
234773
235278
236135
237221
238638
240523
240628
241361
242034
242342
242351
243969
245207
245300
245389
248767
250021
250834
250924
251146
251502
251751
252785
253526
254122
256230
256531
257943
258628
261057
262261
262367
262490
263413
263964
264490
264589
264650
265660
265754
265812
266628
267051
267074
267081
268537
268953
270356
272504
272617
272774
273858
274389
274392
274477
274640
275094
275098
275149
275937
276023
280930
283493
283905
284011
285372
285493
285536
286469
287057
287823
288503
289426
289571
289590
289935
290125
293679
294153
294901
295020
295218
296909
297765
297804
298341
298443
298547
298766
299204
299442
299704
302634
303785
303958
305177
309483
310166
311003
311019
311147
311954
311999
312082
312556
312663
312961
313074
313304
313697
313721
314000
314032
314061
314419
314774
315011
315514
315610
316013
317448
317521
317858
318044
318493
318503
318871
319137
319201
319331
319383
320025
320109
320321
320490
320526
320595
321042
321114
321208
321354
321698
321787
322150
322845
323682
324025
324086
324737
324956
325384
325458
325864
326108
326178
326654
327071
327888
328247
328462
328624
328725
328744
328832
328929
329822
329924
330218
330925
331227
331719
332540
332591
332640
332645
332778
333460
333468
333855
335039
335115
335487
335552
335703
336224
336520
336592
336777
337004
337010
337030
337063
337407
337659
338510
338561
338986
344045
344822
344977
345538
346081
346956
347418
347432
347886
347958
348483
348938
349583
350582
351372
352113
352496
352760
353511
353693
354768
354962
356068
356351
356719
357194
357468
358556
358835
359381
360106
361273
362760
364220
364571
364990
365063
365578
365772
365884
365913
366315
366563
367248
367901
368920
368966
369047
369937
370092
370171
370217
370299
370321
371159
371208
371570
374391
375126
375988
376196
376549
376718
377155
377549
377599
377912
378450
379645
379692
380105
380134
380152
380156
380363
380418
380467
380484
380579
381381
381574
381652
381748
382472
382502
385806
388035
390829
391072
393673
395635
404867
426423
428820
429075
429348
429777
430672
431072
432639
432712
432929
433283
433378
434496
435716
436146
437127
437411
437816
438844
439396
439729
441114
441858
442104
442136
442379
442852
444352
444591
445643
445742
445767
447579
447773
448858
449095
449121
449763
450951
451455
452039
452071
452096
452356
453046
454138
454364
454672
454696
455187
455414
455533
455534
455603
455685
456034
456037
456052
456216
456220
456638
456828
457321
458788
459243
459927
460459
461249
461757
462398
463009
463901
463921
464256
464353
464640
464735
464748
465997
466040
466178
467215
467543
468334
468364
468394
468467
468492
468797
469310
469564
470975
471862
471977
472182
472330
472360
472378
472946
473940
475268
477885
481925
483461
484165
484523
484669
485829
488446
492648
492756
494412
494662
494753
497827
499167
503147
503840
504773
505344
505358
505645
506188
506558
507298
507469
509124
510089
510566
512607
513091
514913
515090
515133
515349
516276
516550
516594
516858
517674
518550
518668
519109
521310
524369
524579
524601
524780
525025
525666
525904
526022
526124
526407
527870
529638
531499
531633
532017
534110
536210
536229
536393
536719
537906
538204
539281
539744
541638
541680
542525
543278
544609
545370
546790
547427
548185
550179
550660
550718
550879
551406
552215
552408
552655
552758
552844
553390
553826
553958
554155
554320
554510
554560
554822
555243
555499
555531
556367
556384
556660
556956
557049
557057
557074
557317
557795
558510
558764
559808
559844
560447
560676
561365
561420
561960
562799
563196
563432
565529
565947
566809
568309
569404
572489
573675
573712
577745
577831
578245
578647
578993
579076
579773
584699
586311
586350
587455
587918
592546
593262
593618
594946
595696
597242
598367
599233
601683
603096
603193
603786
604172
604939
604943
605919
605924
606379
606702
607007
610014
610200
620518
624651
628713
632219
633369
633393
635102
635696
639725
640279
640514
642432
645346
648454
654177
654779
655637
655913
656893
657432
658734
660297
663451
664097
664625
665358
669314
680317
680669
680779
683955
684167
684197
685636
685684
689799
690192
695944
697131
697597
698866
699130
699605
700913
701135
701438
701830
703505
704450
704974
704995
705488
705544
705727
706189
706542
706685
707343
707549
707591
707862
708485
708554
708584
708709
708819
708881
709049
709595
709935
710721
711217
711309
711326
711333
711477
711976
712307
712401
712663
712802
712874
713421
713468
713588
713734
713849
714063
714126
714129
714173
714260
715799
715991
716030
716047
716147
716826
716830
716888
716952
717038
717282
717683
717785
718141
718292
718435
719010
719156
719324
719596
719749
719753
720457
720671
721249
722400
722519
722643
723198
723260
723415
723515
724113
724215
724404
724716
725193
725427
725825
725913
725940
726166
727677
727953
728094
728900
729431
729642
729781
729842
730325
730470
731705
732142
732185
733864
735458
737720
738449
739266
740364
741112
741648
741692
741735
741784
742608
744190
744807
744866
754099
761096
764478
765286
766557
766781
767061
771669
771991
772500
773680
774780
775324
775671
776008
786052
786371
787770
791575
795229
797817
808476
808971
809211
816463
816587
816642
817213
817502
818077
819374
822361
822543
822630
824314
832333
833121
833897
834621
840815
843885
845401
849555
860257
861003
861110
861168
861935
861967
862103
862186
862300
867235
868560
870607
872278
875091
876589
878705
879288
881744
881930
884090
885099
887111
887891
888267
890630
895933
897127
898514
902371
907936
908757
910862
911281
913208
913659
916108
920620
920647
923364
924006
925957
926168
926351
926488
926972
930948
931991
932101
933721
934546
934616
935291
940243
940373
941751
942451
943435
944209
944733
944937
945207
946354
946367
947497
948007
950280
953006
953284
954374
955255
956283
956611
956928
957347
957855
958364
958413
959283
959422
960742
960949
962215
962364
962378
962447
963421
963893
965953
966594
967021
967342
967846
968453
971344
972374
974541
975860
975890
975916
976166
978931
980490
981262
981270
981574
981617
981692
982186
982309
982623
982710
982831
983171
983324
983336
983493
983847
984266
984356
994549
999041
1000803
1002290
1015116
1015420
1020677
1024044
1026954
1028887
1029305
1029394
1035334
1036681
1037888
1039226
1039367
1041593
1045031
1046578
1055104
1055934
1057010
1058907
1061734
1063590
1064100
1065775
1066006
1066012
1066362
1066551
1069399
1069911
1073731
1074632
1077239
1078152
1079935
1080779
1081705
1082789
1086450
1086680
1086829
1089201
1091242
1095524
1101614
1103630
1108605
1109260
1109829
1109882
1114891
1114988
1127714
1132305
1133203
1134096
1137062
1139461
1140447
1141740
1147463
1148998
1151944
1157092
1157671
1160277
1164751
1166000
1168124
1170422
1173809
1174300
1174641
1175376
1175439
1176501
1179039
1182053
1189584
1189725
1200019
1209611
1209674
1225503
1225616
1226949
1229223
1231521
1235658
1236346
1237495
1239682
1239784
1240138
1240227
1240497
1241719
1242000
1245839
1252529
1256596
1265369
1266560
1268423
1270995
1275691
1276995
1278705
1281084
1283952
1284271
1287174
1292382
1294489
1296559
1300958
1301476
1302327
1305855
1306609
1309177
1321093
1323218
1327462
1331836
1332283
1332383
1334151
1334178
1334513
1336822
1337437
1338025
1340006
1343185
1343698
1343826
1344086
1344392
1344421
1344767
1345595
1345767
1346077
1346413
1346488
1347130
1347549
1349086
1349184
1350102
1351767
1351930
1352734
1354461
1359893
1361117
1361260
1361763
1362112
1363467
1365901
1367615
1368444
1368645
1368824
1369206
1371083
1371822
1371870
1373386
1373431
1374991
1376418
1376445
1377124
1378396
1378735
1379922
1380079
1380129
1381360
1382555
1383758
1384655
1385887
1386363
1387318
1388558
1388702
1391255
1391375
1391564
1391723
1392181
1393271
1394687
1395375
1395404
1395411
1395520
1395782
1396213
1398286
1398433
1398708
1398876
1401113
1403150
1405941
1411607
1412982
1415359
1424963
1431063
1431761
1437140
1440699
1442208
1442669
1443054
1443716
1445451
1445487
1445880
1446142
1450891
1451415
1451857
1452566
1453055
1453287
1454895
1459321
1465254
1466910
1473316
1473868
1474270
1484060
1485453
1488960
1491812
1494832
1502398
1506887
1506930
1507216
1507452
1507567
1508173
1508188
1508608
1508821
1509045
1509825
1509973
1510139
1511130
1514316
1514795
1515641
1516349
1518329
1518898
1521486
1522247
1524524
1525650
1526018
1526406
1530390
1530794
1533808
1535783
1540165
1542805
1547800
1552540
1553484
1556278
1562532
1564543
1569874
1581726
1582510
1585209
1588081
1600361
1605972
1606484
1607190
1610340
1615241
1616618
1616773
1620219
1621167
1626082
1626202
1627507
1631246
1631480
1632769
1634079
1634366
1638114
1643588
1648600
1649008
1649199
1650668
1650800
1654684
1655497
1655624
1669093
1670215
1670645
1671933
1672026
1672420
1675666
1675849
1677180
1677589
1678025
1678053
1678913
1680540
1680704
1680803
1680807
1681116
1681277
1682415
1684801
1684964
1685125
1686485
1686495
1687804
1687865
1688700
1689272
1691391
1691405
1692250
1694243
1699735
1699761
1700315
1700552
1700948
1701316
1701663
1701854
1701913
1702149
1705594
1706031
1706787
1708953
1709023
1709387
1710374
1710580
1710614
1713893
1715697
1719548
1727081
1730336
1733544
1735039
1738032
1738850
1739008
1739049
1745220
1747208
1749070
1749671
1752858
1753292
1756638
1764649
1769293
1772021
1772113
1773511
1778858
1779582
1787077
1788792
1789061
1791167
1791274
1791549
1791673
1794865
1797567
1798074
1800660
1806074
1806111
1806543
1812538
1819011
1819424
1824903
1842293
1846029
1849471
1871320
1871628
1871822
1874129
1876144
1886668
1893048
1894411
1900344
1902746
1903673
1906321
1909184
1912490
1913939
1933106
1933109
1933118
1934023
1936614
1937358
1942216
1948513
1948531
1951898
1969763
1971109
1971193
1971204
1976907
1978446
1981803
1985999
1986940
1987577
1988666
1992307
1999719
2005020
2006172
2007295
2011720
2014922
2015423
2035131
2041470
2057675
2060457
2061703
2069109
2070969
2074192
2079102
2082917
2086195
2086212
2093916
2096585
2098467
2105413
2107268
2119365
2121029
2121595
2123813
2127006
2138034
2142554
2150364
2156746
2157605
2158240
2158559
2159489
2159594
2166715
2191695
2195267
2204566
2209076
2209413
2214122
2214134
2214204
2216571
2220828
2220909
2237065
2244210
2251631
2254085
2255759
2267378
2268126
2271104
2273815
2275956
2276710
2281914
2283729
2286799
2287912
2288561
2297571
2319135
2331728
2342600
2342782
2360382
2361332
2361379
2363842
2373815
2377725
2387110
2397569
2409479
2415411
2420933
2421299
2424794
2424824
2426031
2426599
2427296
2439053
2442477
2462123
2469000
2469397
2469442
2471262
2476761
2484170
2511448
2517802
2518005
2520950
2527743
2536671
2539282
2545162
2547297
2562371
2577354
2578022
2578222
2580074
2580311
2580512
2580921
2583279
2593207
2594947
2603130
2609138
2612208
2612636
2613704
2616561
2616627
2620733
2626662
2631638
2637693
2639521
2641036
2646352
2652147
2654784
2656667
2665364
2666639
2668824
2670930
2681946
2707860
2708289
2715400
2717411
2722841
2736191
2741723
2742414
2748625
2753228
2755047
2757147
2758308
2786355
2790774
2792958
2820070
2822942
2846612
2846672
2849007
2853667
2853963
2857397
2857715
2857927
2860158
2865008
2865273
2865275
2885779
2888454
2895984
2898293
2899692
2902132
2903413
2907221
2911110
2916122
2919191
2947253
2959209
2959707
2960237
2977112
2977245
2985287
2991468
3013201
3017724
3017741
3018139
3018737
3022761
3022894
3025583
3029782
3035879
3038267
3048978
3052313
3056235
3062816
3063832
3066455
3067931
3067933
3068153
3080907
3081252
3082670
3084975
3087154
3101575
3105181
3110942
3116136
3118797
3120942
3124136
3132142
3133110
3135308
3136211
3136269
3139581
3142107
3155690
3158153
3159014
3161715
3164796
3179146
3180326
3181165
3181628
3182450
3183195
3183674
3186451
3192319
3195170
3209269
3236818
3237295
3241653
3265178
3274710
3275786
3276951
3280402
3280515
3288697
3290749
3293516
3302155
3302165
3305740
3306476
3307792
3309313
3318231
3321267
3324773
3336241
3338543
3350857
3357605
3369930
3370159
3370394
3371061
3371086
3371277
3373665
3374132
3378789
3378975
3379661
3387358
3388944
3401584
3411790
3418647
3430841
3431318
3434404
3434511
3439419
3442770
3458948
3460875
3467353
3479111
3479259
3479583
3480998
3486687
3490187
3494314
3496920
3497982
3500801
3502139
3503624
3509946
3514116
3524312
3525355
3528191
3528697
3529062
3530637
3557619
3561169
3561516
3562656
3564517
3564554
3565469
3566471
3566569
3569110
3569866
3570788
3575351
3595762
3600282
3605461
3607524
3608071
3608279
3609222
3609254
3609934
3609955
3610132
3611628
3613906
3615792
3615815
3616441
3616948
3617094
3621520
3622674
3622684
3634105
3634593
3638292
3640105
3642189
3645960
3648076
3663034
3665359
3666589
3675468
3680438
3701558
3703115
3703787
3704991
3707212
3710152
3713600
3713642
3713655
3714587
3723922
3724355
3724421
3725723
3725987
3731533
3732265
3732284
3733901
3733966
3735691
3737683
3737775
3737802
3749794
3752663
3758641
3760803
3760918
3762176
3762870
3763545
3765479
3765650
3766469
3767222
3767639
3769549
3770321
3770368
3770955
3771271
3776174
3779270
3783450
3783491
3785010
3786739
3791491
3795144
3802158
3804936
3805641
3806537
3806690
3806696
3807391
3807512
3807820
3808635
3809383
3809498
3809637
3809731
3813082
3813627
3830260
3830314
3831197
3832423
3838598
3839794
3840185
3840474
3840543
3845559
3845728
3846973
3847468
3849446
3850038
3851194
3851265
3852428
3852623
3857367
3867389
3869144
3874764
3875161
3875976
3886413
3893094
3893747
3893949
3894381
3898162
3903138
3903260
3903691
3903716
3904011
3905387
3918340
3934618
3938263
3938390
3938427
3938447
3939002
3939571
3939591
3939942
3940115
3941026
3941134
3945988
3956083
3959423
3960948
3968105
3990596
3990608
3990690
3992508
3992778
4007647
4008699
4013041
4015112
4017920
4018263
4019674
4019988
4020103
4020186
4021745
4027187
4054802
4068793
4069617
4071118
4079744
4079754
4082868
4089235
4105074
4116638
4117233
4117288
4117408
4118574
4120392
4123823
4124082
4132909
4143157
4191948
4212677
4243548
4262835
4276774
4301058
4310209
4311383
4312260
4321892
4356349
4368021
4370655
4371978
4372683
4398632
4405212
4409097
4454634
4457610
4476873
4479757
4481302
4492828
4497217
4497226
4504989
4526305
4575120
4582045
4589580
4591648
4663743
4663802
4664207
4666209
4668238
4669097
4678914
4679001
4679233
4679345
4681462
4684097
4684396
4688112
4696185
4696701
4699676
4700977
4707510
4707936
4708695
4709997
4710369
4714779
4716659
4717517
4717829
4717877
4719483
4719892
4720165
4721504
4722583
4723386
4725084
4725163
4726863
4727195
4731542
4734242
4738764
4739024
4742792
4746346
4746599
4751913
4755832
4756979
4757343
4758375
4760775
4760978
4761752
4762969
4766340
4766736
4767153
4769500
4770734
4771976
4772649
4773193
4777034
4777197
4777219
4784346
4785964
4792146
4792792
4793506
4794669
4795090
4795256
4798528
4799318
4799329
4802471
4803761
4806967
4820832
4822261
4829515
4831456
4834188
4834257
4838105
4850386
4854440
4857435
4862180
4863572
4866832
4867211
4867438
4870843
4885274
4886218
4886269
4886272
4886644
4888316
4888335
4888989
4889311
4893059
4893264
4893337
4893568
4894174
4899006
4909110
4909771
4910310
4910426
4912606
4919786
4919919
4924721
4931046
4931793
4932092
4932995
4933600
4934698
4935130
4953976
4954016
4954051
4954286
4954306
4954753
4958546
4961709
4962053
4964404
4965390
4970379
4979440
5000681
5013053
5019224
5019234
5019475
5040417
5041458
5041514
5041892
5042569
5042663
5043433
5045423
5052175
5052785
5068702
5071692
5074740
5075090
5082215
5082528
5082818
5084841
5085273
5087149
5088392
5090815
5090908
5091617
5102886
5105501
5105510
5106448
5106644
5106728
5106740
5107836
5108467
5110791
5111734
5112176
5112187
5113290
5113356
5115191
5126685
5129131
5129389
5131954
5132545
5133984
5145012
5145275
5147104
5166984
5170438
5180883
5181247
5203789
5205429
5211708
5213076
5213369
5213457
5214880
5215785
5216326
5217530
5217843
5221412
5221979
5222976
5224903
5228885
5230059
5230725
5230899
5231214
5232041
5232208
5232364
5232412
5232822
5232965
5234196
5234216
5234550
5235165
5235716
5235810
5236727
5237029
5237841
5237958
5238042
5238600
5238783
5239633
5239798
5240231
5240333
5240548
5240781
5241146
5242483
5245965
5248274
5248396
5250579
5253124
5255383
5257615
5257727
5258178
5258873
5259385
5263088
5265812
5276820
5277681
5277872
5278137
5290075
5292383
5293413
5294731
5294734
5297721
5297830
5299694
5300803
5300849
5310100
5314265
5314325
5318215
5331576
5334449
5334499
5336637
5341628
5341681
5343094
5344538
5345256
5345921
5346655
5346796
5354746
5361424
5362568
5366214
5366748
5368400
5369015
5372128
5372182
5373203
5385974
5386227
5386346
5388188
5388565
5388888
5389211
5389753
5395566
5396011
5397861
5399300
5399460
5406610
5406982
5407311
5408287
5416236
5423351
5431347
5436175
5436581
5437886
5443902
5444332
5446142
5448556
5478237
5479030
5479403
5481229
5482573
5485768
5488955
5492733
5493175
5495203
5495621
5496760
5498505
5499188
5502955
5504856
5504952
5505015
5512490
5520510
5523831
5523871
5524807
5527891
5527893
5531290
5532688
5534675
5535947
5536159
5537315
5537447
5537566
5538446
5539565
5539715
5541010
5541063
5545050
5545384
5546644
5549615
5559588
5562091
5562531
5571375
5580698
5585471
5592719
5596295
5596942
5605249
5605358
5605939
5606193
5606253
5606591
5607123
5607205
5615974
5620724
5621085
5622093
5622367
5624820
5625581
5625718
5628225
5628624
5636785
5645135
5650307
5650751
5651439
5658725
5661748
5662303
5664135
5666718
5670882
5672417
5672654
5677331
5679722
5698837
5700821
5710384
5715433
5716738
5719487
5720851
5725655
5726332
5728272
5735877
5741686
5760936
5761359
5782854
5874165
5891673
5902669
5909982
5925535
5925648
5928591
5931353
5931693
5941354
5949274
5950228
5969937
5970466
5981175
5981209
5981683
5982101
5982378
5982488
6015702
6016038
6043514
6056450
6095810
6098356
6100828
6105878
6106540
6106881
6107324
6109409
6112070
6112592
6115426
6118373
6123658
6124995
6135085
6136145
6137028
6137059
6137768
6138039
6138085
6146968
6148675
6148909
6153331
6153711
6162903
6162993
6166190
6166657
6168454
6169650
6170178
6171063
6172276
6173509
6173583
6173977
6174323
6174438
6175069
6177898
6178813
6179768
6181327
6181359
6181755
6186518
6186939
6189946
6194216
6195842
6198926
6200312
6202240
6207242
6208158
6209607
6212037
6213266
6213364
6215850
6216224
6217570
6217952
6219366
6219986
6220388
6224507
6224714
6228322
6228742
6229658
6234141
6236110
6238941
6239048
6240604
6241413
6241439
6246250
6246636
6247749
6248460
6249632
6251718
6251919
6252350
6252849
6254989
6254999
6256473
6258000
6259380
6260339
6260769
6260889
6263784
6266046
6270693
6271064
6271547
6272994
6273820
6274341
6278167
6284393
6284486
6285183
6286775
6289800
6293415
6297503
6298326
6307513
6308394
6309106
6317351
6317835
6321534
6351875
6355506
6368816
6369466
6373534
6374850
6376190
6377211
6377566
6381653
6381789
6381809
6384205
6386135
6386136
6388006
6388190
6388319
6388599
6390854
6395979
6397261
6397363
6397660
6399442
6399636
6415267
6419410
6419934
6425960
6429115
6437407
6440159
6444730
6450499
6490443
6490876
6491073
6491333
6500338
6504253
6504441
6505194
6509367
6513114
6514514
6523768
6523913
6524259
6525484
6531032
6531834
6536711
6537568
6539250
6552752
6553162
6571254
6658006
6680711
6686331
6689912
6694843
6697114
6700417
6702024
6709093
6712358
6713170
6720788
6727265
6734375
6751021
6752345
6752701
6752823
6753584
6757806
6759580
6761910
6762816
6765063
6766732
6766844
6766957
6767230
6768638
6769261
6769732
6769911
6773095
6775527
6776120
6776725
6776750
6777337
6780060
6780746
6783051
6788632
6790289
6790896
6792683
6793538
6795002
6795277
6795388
6804204
6809297
6809317
6810810
6813152
6820159
6829469
6829500
6829574
6829879
6830072
6830094
6830249
6831142
6831936
6832522
6832785
6833959
6834375
6834771
6835472
6836356
6836461
6837120
6837165
6845621
6848888
6853175
6853286
6873108
6873985
6879067
6883251
6892011
6892254
6893059
6894437
6897638
6904811
6916156
6933609
6942657
6956800
6957557
6984084
6999875
7002167
7002247
7024365
7026925
7026970
7032718
7034804
7038612
7039914
7050556
7070118
7082620
7083078
7087404
7087638
7087703
7088122
7088814
7089714
7105250
7108473
7109734
7109908
7114413
7121271
7121660
7129650
7132149
7132262
7141722
7146612
7147313
7147315
7149817
7150093
7153186
7154131
7154900
7156835
7158287
7159806
7165250
7167570
7172004
7172267
7173039
7174215
7174340
7174638
7174678
7175051
7176045
7176091
7176602
7176651
7176655
7176785
7177779
7181753
7183100
7183216
7183716
7183830
7183940
7184167
7185723
7191959
7207416
7229571
7230074
7240564
7250878
7265862
7273534
7273875
7279063
7280537
7282950
7283539
7285238
7286048
7286440
7287007
7287796
7289412
7289640
7289868
7292371
7294899
7295626
7297410
7297649
7298093
7298664
7308943
7309949
7312563
7312579
7312689
7319759
7322800
7323348
7323455
7324351
7324474
7324929
7325280
7325392
7325595
7326739
7326966
7327075
7327219
7327564
7328521
7329143
7329432
7331660
7341843
7342482
7342648
7343706
7344232
7346753
7348059
7351348
7356302
7356458
7357956
7359086
7365604
7366944
7370135
7373112
7373553
7376024
7381127
7381137
7383118
7383885
7384230
7384237
7387630
7396417
7405057
7405258
7405391
7407692
7407763
7407939
7408645
7408754
7409488
7410828
7411492
7412522
7418458
7425125
7425129
7435944
7436082
7436399
7438235
7449855
7456820
7460123
7462389
7476639
7477615
7488706
7490202
7491415
7493624
7494132
7495943
7498626
7504960
7511076
7514090
7519387
7519848
7521639
7545721
7559094
7561056
7561069
7597552
7599557
7604776
7606206
7609568
7609698
7611800
7611916
7611968
7612566
7612873
7613374
7613398
7614199
7614371
7614819
7614927
7614933
7614949
7614959
7626365
7633736
7633814
7640295
7648117
7650683
7650818
7650997
7651836
7651866
7659430
7660399
7666760
7668427
7668646
7675907
7682124
7682696
7688051
7688515
7693189
7694109
7698068
7703571
7704434
7704557
7708566
7789185
7790891
7791146
7791441
7791618
7791723
7794795
7795071
7795218
7795886
7800506
7804260
7804336
7807095
7807266
7811884
7812561
7813758
7815229
7815756
7816273
7816737
7816989
7817833
7823664
7827422
7827430
7827656
7827757
7831026
7836291
7843982
7852863
7859651
7859944
7876966
7879857
7888600
7910732
7916226
7920112
7926142
7929604
7929978
7931009
7931601
7932749
7935925
7939877
7959723
7964376
7966184
7967618
7967731
7976087
8000015
8000150
8000196
8002490
8004091
8004757
8005574
8010572
8010611
8014071
8015843
8019951
8020296
8021547
8030090
8030157
8031670
8031963
8038886
8044717
8045766
8048424
8050106
8052422
8056371
8059055
8059909
8059949
8059958
8063812
8063949
8070259
8070360
8071007
8071131
8073698
8083615
8425520
8963128
8969403
8991047
8995080
9000717
9021242
9027841
9054131
9081195
9089970
9092765
9103132
9128733
9140862
9152175
9254464
9286520
9314367
9384513
9392886
9631179
10278441
10296800
10314243
10514944
10532880
10920448
10952513
11113686
11264690
11355776
11413590
11418146
11435137
11565978
11773779
11855915
11995025
12035239
12070295
12071778
12404772
12572999
12615584
12702138
12762303
13140777
13217588
13423136
13424559
13529901
13542614
13560771
13626381
13632234
13634088
13643152
14065405
14236301
14246208
14257286
14340339
14512142
14538344
14693933
14862693
14913689
14927550
14943179
14948741
14949023
15030065
15042554
15055077
15067369
15070001
15087614
15089285
15089288
15121971
15220430
15267277
15298089
15411253
15429146
15429515
15429774
15430499
15431869
15432221
15439301
15453336
15485879
15491007
15516394
15525996
15582293
15629913
15652455
15711672
15733405
15778935
15835026
15845117
15855945
15867565
15890426
15902969
15911800
15917088
15962449
15967968
15989716
15990135
15999159
15999956
16002101
16012814
16015486
16017566
16026129
16045203
16062384
16062533
16063470
16065546
16066327
16079681
16089788
16091724
16104602
16104676
16104842
16105130
16105583
16106192
16107254
16107326
16107357
16114761
16116800
16121777
16144788
16146002
16148115
16148720
16148777
16150050
16150264
16150746
16151763
16157138
16165447
16186437
16193035
16193072
16193174
16193421
16193460
16193485
16193529
16193601
16194825
16194984
16195057
16195198
16195262
16195344
16195800
16195812
16195898
16196004
16196246
16196342
16196595
16196671
16196771
16196855
16197105
16199462
16200121
16201823
16201997
16203630
16203661
16204309
16205050
16206509
16207060
16207190
16209969
16211217
16213591
16214264
16215127
16215272
16215480
16215617
16216135
16216183
16218682
16221002
16221414
16222356
16223556
16223870
16223905
16224953
16233063
16240863
16243910
16269109
16501102
16509323
16585798
16620345
16728659
16728933
16729239
16729511
16730309
16730571
16730624
16730750
16731607
16731824
16731922
16732043
16732292
16732385
16732482
16733839
16734446
16734499
16734794
16735171
16735172
16735187
16735308
16747415
16843654
16843940
16846670
16854185
16864476
16866640
16885740
16886254
16886468
16887219
16902813
16930649
16931103
16931605
16935414
16971294
16980116
16980387
17006497
17011898
17049607
17049736
17101852
17130750
17138055
17147821
17148733
17155787
17183266
17198118
17198691
17198715
17306000
17306076
17362735
17402717
17402925
17411116
17413190
17418373
17433557
17486444
17489764
17510968
17514596
17574882
17579990
17580354
17590797
17638447
17660693
17986388
18043834
18044597
18079589
18091290
18117398
18117412
18117822
18117831
18121598
18121649
18149947
18150585
18165291
18207172
18327968
18342983
18356022
18386867
18387146
18398184
18558958
18627588
18711540
18749600
18881086
19006298
19276757
19363983
19501681
19518169
19519918
19655094
19663502
19665536
19799931
